1 0 0.0
1 10 0.054
1 20 0.124
1 30 0.16
1 40 0.21
1 50 0.324
1 60 0.316
1 70 0.468
1 80 0.41
1 90 0.614
1 100 0.512
2 0 0.0
2 10 0.144
2 20 0.236
2 30 0.412
2 40 0.486
2 50 0.574
2 60 0.7
2 70 0.75
2 80 0.864
2 90 0.898
2 100 0.892
3 0 0.0
3 10 0.266
3 20 0.402
3 30 0.568
3 40 0.672
3 50 0.764
3 60 0.828
3 70 0.9
3 80 0.922
3 90 0.94
3 100 0.948
4 0 0.0
4 10 0.298
4 20 0.514
4 30 0.632
4 40 0.782
4 50 0.834
4 60 0.878
4 70 0.898
4 80 0.93
4 90 0.94
4 100 0.932
5 0 0.0
5 10 0.248
5 20 0.474
5 30 0.57
5 40 0.702
5 50 0.804
5 60 0.84
5 70 0.882
5 80 0.89
5 90 0.92
5 100 0.968
