1 0 0.0
1 10 0.09999999999999998
1 20 0.19999999999999996
1 30 0.30000000000000004
1 40 0.4
1 50 0.5
1 60 0.6
1 70 0.7
1 80 0.8
1 90 0.9
1 100 1.0
2 0 0.0
2 10 0.18999999999999995
2 20 0.3599999999999999
2 30 0.51
2 40 0.64
2 50 0.75
2 60 0.84
2 70 0.9099999999999999
2 80 0.96
2 90 0.99
2 100 1.0
3 0 0.0
3 10 0.2709999999999999
3 20 0.4879999999999999
3 30 0.657
3 40 0.784
3 50 0.875
3 60 0.9359999999999999
3 70 0.973
3 80 0.992
3 90 0.999
3 100 1.0
4 0 0.0
4 10 0.3439
4 20 0.5903999999999999
4 30 0.7599
4 40 0.8704000000000001
4 50 0.9375
4 60 0.9744
4 70 0.9919
4 80 0.9984
4 90 0.9999
4 100 1.0
